8.0
1.0
10.0
2.0
4.0
22.0
<d>
34.0
33.0
20.0
30.0
2.0
6.0
<d>
2.0
26.0
38.0
20.0
26.0
1.0
<d>
1.0
14.0
2.0
18.0
70.0
51.0
<d>
58.0
52.0
7.0
9.0
17.0
12.0
<d>
4.0
7.0
2.0
1.0
1.0
2.0
<d>
11.0
10.0
1.0
1.0
8.0
1.0
<d>
1.0
9.0
8.0
9.0
1.0
1.0
<d>
4.0
1.0
1.0
5.0
7.0
65.0
<d>
12.0
24.0
10.0
16.0
3.0
3.0
<d>
1.0
1.0
63.0
1.0
5.0
2.0
<d>
4.0
20.0
14.0
10.0
1.0
6.0
<d>
5.0
13.0
30.0
1.0
8.0
8.0
<d>
22.0
32.0
20.0
10.0
308.0
96.0
<d>
14.0
1.0
2.0
3.0
345.0
1.0
<d>
4.0
4.0
3.0
10.0
3.0
4.0
<d>
19.0
1.0
6.0
7.0